      0/99    0.744G   0.07913   0.04923         0     0.106    0.4807        57     [1088,608]    0.5153    0.2223    0.1635   0.05686   0.06017   0.03223         0    0.1062
      1/99     2.85G   0.05712   0.03932         0    0.1038    0.3997        39     [1088,608]    0.8698    0.5108    0.4967    0.2491   0.04295   0.02404         0     0.106
      2/99      2.9G   0.04899   0.03397         0   0.09872    0.3588        31     [1088,608]    0.8601     0.654    0.6339    0.3447   0.03763   0.02035         0    0.1069
      3/99     3.35G     0.044   0.03163         0   0.09453    0.3344        47     [1088,608]    0.8793    0.7118    0.6967    0.4082   0.03404   0.01857         0    0.1074
      4/99     3.36G   0.04094    0.0297         0   0.09216    0.3185        67     [1088,608]    0.8833    0.7405    0.7272      0.44   0.03235   0.01769         0    0.1076
      5/99     3.36G   0.03912   0.02851         0   0.09064    0.3087        31     [1088,608]    0.8754     0.744    0.7276    0.4403    0.0318   0.01721         0    0.1078
      6/99     3.36G   0.03827   0.02755         0   0.08931    0.3022        36     [1088,608]    0.8755    0.7589    0.7371    0.4568   0.03128   0.01694         0    0.1072
      7/99     3.36G   0.03735   0.02682         0   0.08782    0.2958        59     [1088,608]    0.8706    0.7781    0.7553    0.4699    0.0304    0.0165         0    0.1066
      8/99     3.36G   0.03663   0.02643         0    0.0858    0.2899        32     [1088,608]    0.8787    0.7944     0.777    0.4856      0.03   0.01612         0     0.106
      9/99     3.36G   0.03626   0.02647         0   0.08415    0.2865        34     [1088,608]    0.8834    0.7698    0.7555    0.4751   0.02988   0.01628         0    0.1058
     10/99     3.36G   0.03557   0.02539         0   0.08331    0.2809        24     [1088,608]    0.8924    0.7979    0.7785     0.492   0.02952    0.0158         0    0.1051
     11/99     3.36G   0.03534   0.02566         0   0.08219    0.2791        73     [1088,608]    0.8847    0.8136    0.7973    0.5011   0.02928   0.01553         0    0.1049
     12/99     3.36G   0.03486   0.02511         0   0.08147    0.2755        29     [1088,608]    0.8882    0.8063    0.7876     0.502   0.02893   0.01557         0    0.1046
     13/99     3.36G   0.03471   0.02497         0   0.08011    0.2726        34     [1088,608]    0.8896    0.8179    0.7981    0.5086   0.02861   0.01532         0    0.1045
     14/99     3.36G   0.03423    0.0245         0   0.07963    0.2696        36     [1088,608]    0.8871    0.8303    0.8174    0.5161   0.02861   0.01511         0    0.1043
     15/99     3.36G   0.03409   0.02444         0   0.07824    0.2669        40     [1088,608]     0.888    0.8335    0.8174    0.5202   0.02827   0.01505         0     0.104
     16/99     3.36G    0.0338   0.02436         0   0.07792    0.2654        13     [1088,608]    0.8882     0.836    0.8169    0.5249   0.02795   0.01494         0    0.1038
     17/99     3.36G    0.0335   0.02403         0   0.07671     0.262        21     [1088,608]    0.8895     0.837    0.8174    0.5254   0.02793   0.01487         0    0.1037
     18/99     3.36G   0.03339   0.02395         0   0.07614    0.2606        13     [1088,608]    0.8854    0.8455    0.8274    0.5341   0.02765   0.01478         0    0.1036
     19/99     3.36G   0.03319   0.02391         0   0.07502    0.2583        35     [1088,608]    0.8808    0.8553    0.8369    0.5391   0.02753   0.01465         0    0.1034
     20/99     3.36G   0.03294   0.02367         0   0.07493    0.2569        33     [1088,608]    0.8797    0.8599    0.8451    0.5421   0.02745    0.0146         0    0.1032
     21/99     3.36G   0.03294   0.02368         0   0.07409    0.2556        29     [1088,608]    0.8849    0.8631    0.8478    0.5473   0.02717   0.01447         0    0.1032
     22/99     3.36G    0.0328   0.02352         0   0.07362    0.2541        26     [1088,608]    0.8822    0.8625    0.8466    0.5466   0.02719   0.01448         0    0.1031
     23/99     3.36G   0.03259   0.02335         0   0.07239    0.2512        31     [1088,608]    0.8845    0.8644    0.8471    0.5482    0.0271    0.0144         0    0.1031
     24/99     3.36G   0.03251   0.02346         0   0.07176    0.2503        46     [1088,608]    0.8798    0.8674     0.847    0.5485   0.02711   0.01439         0     0.103
     25/99     3.81G   0.03237   0.02321         0   0.07165    0.2492        50     [1088,608]     0.884     0.875    0.8569    0.5551   0.02692   0.01428         0     0.103
     26/99     3.81G   0.03213   0.02299         0   0.07111    0.2472        61     [1088,608]    0.8825    0.8747    0.8568     0.555   0.02688    0.0143         0    0.1029
     27/99     3.81G   0.03197   0.02299         0   0.07072    0.2462        46     [1088,608]    0.8828    0.8769    0.8574    0.5583   0.02677    0.0142         0    0.1028
     28/99     3.81G   0.03187   0.02286         0   0.07026    0.2449        25     [1088,608]    0.8835    0.8761    0.8575    0.5583   0.02666   0.01419         0    0.1028
     29/99     3.81G   0.03174   0.02269         0   0.07022    0.2441        66     [1088,608]     0.885    0.8754    0.8577    0.5583   0.02662   0.01415         0    0.1028
     30/99     3.81G   0.03153   0.02263         0   0.06924    0.2419        26     [1088,608]    0.8857    0.8773    0.8578    0.5587   0.02658   0.01413         0    0.1028
     31/99     3.81G   0.03134   0.02254         0   0.06887    0.2406        48     [1088,608]     0.889    0.8787    0.8581    0.5614   0.02654    0.0141         0    0.1027
     32/99     3.81G   0.03148   0.02261         0   0.06891    0.2412        19     [1088,608]    0.8879    0.8807    0.8672    0.5644   0.02646   0.01408         0    0.1027
     33/99     3.81G    0.0313   0.02254         0   0.06799    0.2391        51     [1088,608]    0.8903    0.8744    0.8578    0.5608   0.02642   0.01411         0    0.1026
     34/99     3.81G   0.03125   0.02249         0   0.06832    0.2394        40     [1088,608]    0.8892    0.8765     0.858    0.5619   0.02636   0.01405         0    0.1026
     35/99     3.81G   0.03117   0.02224         0   0.06758    0.2374        34     [1088,608]    0.8879    0.8819    0.8673     0.565    0.0263   0.01399         0    0.1025
     36/99     3.81G   0.03103   0.02236         0   0.06724    0.2368        38     [1088,608]    0.8878    0.8831    0.8675    0.5666   0.02627   0.01396         0    0.1025
     37/99     3.81G   0.03087   0.02214         0   0.06676    0.2352        34     [1088,608]    0.8859    0.8859    0.8677    0.5667   0.02625   0.01394         0    0.1024
     38/99     3.81G    0.0308   0.02216         0   0.06605    0.2339        17     [1088,608]    0.8858    0.8873    0.8677    0.5683   0.02623   0.01392         0    0.1024
     39/99     3.81G   0.03083   0.02209         0   0.06636    0.2343        40     [1088,608]    0.8853    0.8891    0.8686    0.5701   0.02617    0.0139         0    0.1024
     40/99     3.81G   0.03074   0.02214         0   0.06638    0.2342        35     [1088,608]    0.8852    0.8913    0.8768    0.5724   0.02611   0.01386         0    0.1023
     41/99     3.81G   0.03066   0.02204         0   0.06549    0.2324        41     [1088,608]    0.8844    0.8927    0.8769    0.5734   0.02609   0.01384         0    0.1023
     42/99     3.81G   0.03052   0.02184         0   0.06544    0.2315        25     [1088,608]    0.8836    0.8925     0.877    0.5736   0.02606   0.01382         0    0.1023
     43/99     3.81G   0.03034   0.02209         0   0.06465    0.2304        36     [1088,608]    0.8832    0.8926     0.877    0.5739   0.02604   0.01381         0    0.1023
     44/99     3.81G   0.03028   0.02189         0   0.06437    0.2293        38     [1088,608]    0.8841     0.892     0.877    0.5734   0.02603    0.0138         0    0.1023
     45/99     3.81G    0.0303    0.0218         0   0.06454    0.2294        18     [1088,608]    0.8838    0.8915     0.877    0.5735   0.02601   0.01379         0    0.1022
     46/99     3.81G   0.03005   0.02148         0   0.06416    0.2274        33     [1088,608]    0.8835     0.892     0.877    0.5741   0.02598   0.01378         0    0.1022
     47/99     3.81G   0.02998   0.02147         0   0.06384    0.2267        44     [1088,608]    0.8843    0.8926    0.8771    0.5748   0.02597   0.01377         0    0.1022
     48/99     3.81G   0.02991   0.02171         0   0.06362    0.2268        24     [1088,608]     0.885    0.8925    0.8772    0.5751   0.02595   0.01376         0    0.1022
     49/99     3.81G   0.02984   0.02142         0   0.06399    0.2265        37     [1088,608]    0.8858    0.8925    0.8773    0.5754   0.02593   0.01374         0    0.1022
     50/99     3.81G   0.02969    0.0214         0   0.06342    0.2252        33     [1088,608]    0.8866    0.8926    0.8773    0.5754   0.02592   0.01374         0    0.1021
     51/99     3.81G   0.02974   0.02134         0    0.0634    0.2251        23     [1088,608]    0.8877    0.8925    0.8774    0.5755    0.0259   0.01373         0    0.1021
     52/99     3.81G   0.02948   0.02124         0    0.0629    0.2234        52     [1088,608]    0.8878    0.8924    0.8774    0.5755   0.02589   0.01372         0    0.1021
     53/99     3.81G   0.02949    0.0215         0   0.06253    0.2235        29     [1088,608]    0.8882    0.8926    0.8774    0.5757   0.02587   0.01371         0    0.1021
     54/99     3.81G   0.02943   0.02094         0   0.06304    0.2228        23     [1088,608]    0.8888    0.8927    0.8774    0.5758   0.02585    0.0137         0    0.1021
     55/99     3.81G   0.02939   0.02106         0   0.06287    0.2227        59     [1088,608]    0.8891    0.8924    0.8775    0.5758   0.02584   0.01369         0     0.102
     56/99     3.81G   0.02924   0.02084         0   0.06253    0.2213        46     [1088,608]    0.8893    0.8925    0.8775     0.576   0.02583   0.01369         0     0.102
     57/99     3.81G   0.02925   0.02107         0   0.06224    0.2214        29     [1088,608]    0.8899    0.8912    0.8774     0.576   0.02582   0.01368         0     0.102
     58/99     3.81G   0.02915   0.02085         0   0.06262    0.2213        12     [1088,608]      0.89    0.8908    0.8774    0.5761   0.02581   0.01368         0     0.102
     59/99     3.81G   0.02903   0.02084         0    0.0622    0.2203        60     [1088,608]    0.8904    0.8901    0.8775    0.5762    0.0258   0.01367         0     0.102
     60/99     3.81G   0.02893   0.02083         0   0.06184    0.2194        48     [1088,608]    0.8911      0.89    0.8775    0.5764   0.02579   0.01367         0     0.102
     61/99     3.81G   0.02898   0.02067         0   0.06202    0.2195        23     [1088,608]    0.8923    0.8897    0.8745    0.5757   0.02578   0.01366         0    0.1019
     62/99     3.81G   0.02883   0.02069         0   0.06153    0.2183        30     [1088,608]    0.8931    0.8892    0.8708    0.5751   0.02577   0.01366         0    0.1019
     63/99     3.81G   0.02868    0.0208         0    0.0612    0.2177        17     [1088,608]    0.8935    0.8884    0.8685    0.5752   0.02576   0.01366         0    0.1019
     64/99     3.81G   0.02864   0.02058         0   0.06149    0.2175        41     [1088,608]    0.8945     0.888    0.8686    0.5749   0.02576   0.01365         0    0.1019
     65/99     3.81G   0.02855   0.02083         0    0.0608    0.2168        19     [1088,608]    0.8949    0.8875    0.8686    0.5753   0.02575   0.01365         0    0.1019
     66/99     3.81G   0.02849   0.02048         0   0.06124    0.2165        34     [1088,608]    0.8955    0.8872    0.8687    0.5751   0.02574   0.01364         0    0.1019
     67/99     3.81G   0.02839   0.02043         0   0.06086    0.2156        65     [1088,608]    0.8965    0.8868    0.8687    0.5748   0.02573   0.01364         0    0.1018
     68/99     3.81G   0.02849   0.02049         0   0.06089     0.216        24     [1088,608]    0.8971    0.8861    0.8687    0.5747   0.02572   0.01364         0    0.1018
     69/99     3.81G   0.02839   0.02043         0    0.0603    0.2147        43     [1088,608]    0.8986    0.8855    0.8687    0.5747   0.02571   0.01364         0    0.1018
     70/99     3.81G   0.02823   0.02043         0    0.0604    0.2145        36     [1088,608]    0.8992    0.8848    0.8688     0.575    0.0257   0.01363         0    0.1018
     71/99     3.81G   0.02807   0.02038         0    0.0601    0.2135        67     [1088,608]       0.9    0.8845    0.8688     0.575    0.0257   0.01363         0    0.1018
     72/99     3.81G   0.02807   0.02028         0   0.06001    0.2131        60     [1088,608]    0.9009    0.8837    0.8688     0.575   0.02569   0.01363         0    0.1017
     73/99     3.81G   0.02791   0.02012         0   0.06027    0.2127        64     [1088,608]    0.9017    0.8833    0.8689     0.575   0.02568   0.01363         0    0.1017
     74/99     3.81G   0.02793   0.02016         0   0.05993    0.2123        45     [1088,608]     0.903    0.8827    0.8689    0.5749   0.02567   0.01362         0    0.1017
     75/99     3.81G   0.02791   0.02003         0   0.06011    0.2123        35     [1088,608]    0.9034    0.8822     0.869    0.5749   0.02565   0.01362         0    0.1017
     76/99     3.81G   0.02777   0.01993         0   0.06015    0.2117        59     [1088,608]    0.9046    0.8818     0.869    0.5748   0.02564   0.01362         0    0.1017
     77/99     3.81G   0.02776   0.01992         0   0.05943    0.2105        39     [1088,608]    0.9048    0.8807     0.869    0.5749   0.02563   0.01362         0    0.1017
     78/99     3.81G   0.02773   0.01983         0   0.06016    0.2114        13     [1088,608]     0.906    0.8802     0.869    0.5749   0.02562   0.01362         0    0.1017
     79/99     3.81G   0.02768   0.02003         0   0.05942    0.2106        30     [1088,608]     0.907    0.8797    0.8666    0.5747   0.02562   0.01362         0    0.1016
     80/99     3.81G   0.02749   0.01978         0   0.05923    0.2092        22     [1088,608]    0.9079    0.8791     0.861    0.5742   0.02561   0.01362         0    0.1016
     81/99     3.81G   0.02754   0.01978         0   0.05992    0.2104        23     [1088,608]    0.9084    0.8788    0.8601    0.5742    0.0256   0.01362         0    0.1016
     82/99     3.81G   0.02743   0.01946         0   0.05961    0.2089        49     [1088,608]     0.909    0.8785    0.8601    0.5743   0.02559   0.01361         0    0.1016
     83/99     3.81G   0.02743    0.0196         0   0.05985    0.2096        23     [1088,608]    0.9092    0.8785    0.8601    0.5748   0.02557   0.01361         0    0.1016
     84/99     3.81G   0.02734    0.0195         0   0.05909    0.2079        23     [1088,608]    0.9098    0.8782    0.8602    0.5746   0.02556   0.01361         0    0.1016
     85/99     3.81G   0.02724   0.01964         0   0.05922    0.2082        69     [1088,608]    0.9104     0.878    0.8602    0.5751   0.02555   0.01361         0    0.1015
     86/99     3.81G    0.0271   0.01956         0   0.05906    0.2074        61     [1088,608]    0.9111    0.8776    0.8602     0.575   0.02554   0.01361         0    0.1015
     87/99     3.81G   0.02692   0.01943         0   0.05884    0.2064        33     [1088,608]    0.9116     0.877    0.8602    0.5752   0.02553   0.01361         0    0.1015
     88/99     3.81G   0.02706   0.01948         0   0.05886    0.2069        35     [1088,608]    0.9121    0.8769    0.8603    0.5752   0.02552   0.01361         0    0.1015
     89/99     3.81G    0.0271   0.01949         0   0.05872    0.2068        24     [1088,608]    0.9123    0.8766    0.8603    0.5747   0.02551   0.01361         0    0.1015
     90/99     3.81G   0.02698   0.01932         0   0.05885    0.2063        24     [1088,608]    0.9127    0.8758    0.8603    0.5744    0.0255   0.01361         0    0.1015
     91/99     3.81G   0.02688   0.01917         0   0.05923    0.2063        23     [1088,608]    0.9132    0.8751    0.8603    0.5742   0.02549   0.01361         0    0.1014
     92/99     3.81G   0.02702    0.0194         0   0.05892    0.2067        49     [1088,608]     0.914    0.8745    0.8604    0.5735   0.02548   0.01361         0    0.1014
     93/99     3.81G   0.02696   0.01921         0    0.0587    0.2057        31     [1088,608]    0.9142    0.8746    0.8604     0.574   0.02547   0.01361         0    0.1014
     94/99     3.81G   0.02677   0.01938         0    0.0588    0.2058        28     [1088,608]    0.9145    0.8747    0.8605    0.5742   0.02546    0.0136         0    0.1014
     95/99     3.81G   0.02689   0.01924         0   0.05896     0.206        24     [1088,608]    0.9142    0.8746    0.8605    0.5742   0.02545    0.0136         0    0.1014
     96/99     3.81G   0.02669   0.01945         0   0.05816    0.2048        21     [1088,608]    0.9143    0.8748    0.8605    0.5743   0.02544   0.01359         0    0.1014
     97/99     3.81G   0.02675   0.01925         0   0.05875    0.2054        18     [1088,608]    0.9146    0.8749    0.8605    0.5743   0.02542   0.01359         0    0.1014
     98/99     3.81G   0.02669   0.01901         0   0.05839    0.2041       110     [1088,608]    0.9152    0.8756    0.8606    0.5748   0.02541   0.01359         0    0.1013
     99/99     3.81G   0.02667   0.01921         0   0.05825    0.2043        48     [1088,608]    0.9151    0.8756    0.8606    0.5748    0.0254   0.01358         0    0.1013
